1. Left camera:

position: [-17.5 0 0]

Intrinsic camera parameters:
[[641.843486     0.         638.93610662]
 [  0.         643.53319355 393.7352744 ]
 [  0.           0.           1.        ]]

Distortion parameters:
[[ -0.05996174  0.07897343 -0.00136181 0.00177076 -0.03504367]]

2. Right camera:
position: [32.5 0 0]

Extrinsic camera parameters:
[[644.32498369   0.         654.6296148 ]
 [  0.         645.56357309 399.63693664]
 [  0.           0.           1.        ]]

Distortion:
[[ -0.06324747  0.10364505  0.00057975  0.00352207 -0.0773982 ]]

3. Relative rotation matrix
[[1     0         0]
 [  0        1     0 ]
 [  0          0    1 ]]

4. Light positions
[[ 2.00000000e+02  0.00000000e+00  3.05000000e+02]
 [ 1.90211303e+02  6.18033989e+01  3.05000000e+02]
 [ 1.61803399e+02  1.17557050e+02  3.05000000e+02]
 [ 1.17557050e+02  1.61803399e+02  3.05000000e+02]
 [ 6.18033989e+01  1.90211303e+02  3.05000000e+02]
 [ 1.22464680e-14  2.00000000e+02  3.05000000e+02]
 [-6.18033989e+01  1.90211303e+02  3.05000000e+02]
 [-1.17557050e+02  1.61803399e+02  3.05000000e+02]
 [-1.61803399e+02  1.17557050e+02  3.05000000e+02]
 [-1.90211303e+02  6.18033989e+01  3.05000000e+02]
 [-2.00000000e+02  2.44929360e-14  3.05000000e+02]
 [-1.90211303e+02 -6.18033989e+01  3.05000000e+02]
 [-1.61803399e+02 -1.17557050e+02  3.05000000e+02]
 [-1.17557050e+02 -1.61803399e+02  3.05000000e+02]
 [-6.18033989e+01 -1.90211303e+02  3.05000000e+02]
 [-3.67394040e-14 -2.00000000e+02  3.05000000e+02]
 [ 6.18033989e+01 -1.90211303e+02  3.05000000e+02]
 [ 1.17557050e+02 -1.61803399e+02  3.05000000e+02]
 [ 1.61803399e+02 -1.17557050e+02  3.05000000e+02]
 [ 1.90211303e+02 -6.18033989e+01  3.05000000e+02]]

